[
  {
    "frame": 0,
    "camtoworld": [
      [
        0.14804582822765616,
        0.23849365972287034,
        -0.9597933147383237,
        1.5830744504928589
      ],
      [
        0.9889748954147788,
        -0.03243345572786288,
        0.1444878098279439,
        -1.0050435066223145
      ],
      [
        0.003330012569744245,
        -0.9706023105379158,
        -0.24066587999703015,
        0.545426070690155
      ],
      [
        0.0,
        0.0,
        0.0,
        1.0
      ]
    ]
  },
  {
    "frame": 1,
    "camtoworld": [
      [
        0.14092189003614763,
        0.23857002956081136,
        -0.9608461697399817,
        1.5747144222259521
      ],
      [
        0.9900185557958066,
        -0.03193043720956856,
        0.13727238017748383,
        -0.9701900482177734
      ],
      [
        0.0020688375058883213,
        -0.9706002205722806,
        -0.24068845368321032,
        0.5435810089111328
      ],
      [
        0.0,
        0.0,
        0.0,
        1.0
      ]
    ]
  },
  {
    "frame": 2,
    "camtoworld": [
      [
        0.13379042607167643,
        0.2386427760112046,
        -0.961847049872913,
        1.566354513168335
      ],
      [
        0.9910093187180953,
        -0.031426879659563506,
        0.13004953459647772,
        -0.9353365898132324
      ],
      [
        0.0008075304678064055,
        -0.9705987722496511,
        -0.24070183049161517,
        0.5417359471321106
      ],
      [
        0.0,
        0.0,
        0.0,
        1.0
      ]
    ]
  },
  {
    "frame": 3,
    "camtoworld": [
      [
        0.1266518173704566,
        0.23871189518718527,
        -0.9627959016597976,
        1.5579944849014282
      ],
      [
        0.9919471312448908,
        -0.030922809983075283,
        0.12281965900368647,
        -0.9004831910133362
      ],
      [
        -0.00045384115249574863,
        -0.9705979656474109,
        -0.24070600970751735,
        0.5398908853530884
      ],
      [
        0.0,
        0.0,
        0.0,
        1.0
      ]
    ]
  },
  {
    "frame": 4,
    "camtoworld": [
      [
        0.11950644535044791,
        0.23877738339569626,
        -0.9636926744032068,
        1.549634575843811
      ],
      [
        0.9928319432685953,
        -0.030418255112694526,
        0.11558313969348649,
        -0.8656297326087952
      ],
      [
        -0.0017152099595617032,
        -0.9705978008086582,
        -0.24070099110762075,
        0.5380458831787109
      ],
      [
        0.0,
        0.0,
        0.0,
        1.0
      ]
    ]
  },
  {
    "frame": 5,
    "camtoworld": [
      [
        0.1123546917909772,
        0.2388392371376829,
        -0.9645373201883091,
        1.5412745475769043
      ],
      [
        0.9936637075134418,
        -0.02991324200693693,
        0.108340363315231,
        -0.8307762742042542
      ],
      [
        -0.002976508558086177,
        -0.9705982777421999,
        -0.24068677496007035,
        0.5362008213996887
      ],
      [
        0.0,
        0.0,
        0.0,
        1.0
      ]
    ]
  },
  {
    "frame": 6,
    "camtoworld": [
      [
        0.10519693881233705,
        0.23889745310828164,
        -0.9653297938854317,
        1.532914638519287
      ],
      [
        0.994442379538022,
        -0.029407797648800527,
        0.10109171685258883,
        -0.7959228754043579
      ],
      [
        -0.0042376695565140565,
        -0.9705993964225528,
        -0.24066336202443905,
        0.5343557596206665
      ],
      [
        0.0,
        0.0,
        0.0,
        1.0
      ]
    ]
  },
  {
    "frame": 7,
    "camtoworld": [
      [
        0.09803356885537201,
        0.23895202819699607,
        -0.9660700531524724,
        1.5245546102523804
      ],
      [
        0.9951679177376613,
        -0.028901949044325803,
        0.09383758760286992,
        -0.7610694169998169
      ],
      [
        -0.00549862557064279,
        -0.970601156789946,
        -0.24063075355168698,
        0.5325106978416443
      ],
      [
        0.0,
        0.0,
        0.0,
        1.0
      ]
    ]
  },
  {
    "frame": 8,
    "camtoworld": [
      [
        0.09086496466104349,
        0.23900295948786343,
        -0.9667580584371614,
        1.5161947011947632
      ],
      [
        0.995840283346641,
        -0.028395723221152636,
        0.08657836315633127,
        -0.7262159585952759
      ],
      [
        -0.006759309227222343,
        -0.9706035587503223,
        -0.2405889512840944,
        0.5306656360626221
      ],
      [
        0.0,
        0.0,
        0.0,
        1.0
      ]
    ]
  },
  {
    "frame": 9,
    "camtoworld": [
      [
        0.08369150924997901,
        0.23905024425960947,
        -0.9673937729791743,
        1.5078346729278564
      ],
      [
        0.9964594404402687,
        -0.02788914722707528,
        0.07931443137546723,
        -0.6913625001907349
      ],
      [
        -0.008019653167554486,
        -0.9706066021753448,
        -0.2405379574551687,
        0.5288205742835999
      ],
      [
        0.0,
        0.0,
        0.0,
        1.0
      ]
    ]
  },
  {
    "frame": 10,
    "camtoworld": [
      [
        0.07651358590200863,
        0.23909387998579512,
        -0.9679771628120957,
        1.4994747638702393
      ],
      [
        0.9970253559367985,
        -0.027382248128597797,
        0.0720461803742869,
        -0.6565090417861938
      ],
      [
        -0.009279590051092246,
        -0.9706102869024016,
        -0.24047777478952514,
        0.5269755721092224
      ],
      [
        0.0,
        0.0,
        0.0,
        1.0
      ]
    ]
  },
  {
    "frame": 11,
    "camtoworld": [
      [
        0.06933157813568516,
        0.23913386433495065,
        -0.9685081967652358,
        1.4911147356033325
      ],
      [
        0.9975379995991999,
        -0.026875053009488198,
        0.06477399849757604,
        -0.6216556429862976
      ],
      [
        -0.01053905255903792,
        -0.970614612734617,
        -0.24040840650274115,
        0.5251305103302002
      ],
      [
        0.0,
        0.0,
        0.0,
        1.0
      ]
    ]
  },
  {
    "frame": 12,
    "camtoworld": [
      [
        0.0621458696877937,
        0.23917019517070093,
        -0.9689868464652949,
        1.4827547073364258
      ],
      [
        0.9979973440367712,
        -0.02636758896933053,
        0.05749827430014898,
        -0.5868022441864014
      ],
      [
        -0.011797973397939532,
        -0.9706195794408609,
        -0.240329856301185,
        0.523285448551178
      ],
      [
        0.0,
        0.0,
        0.0,
        1.0
      ]
    ]
  },
  {
    "frame": 13,
    "camtoworld": [
      [
        0.05495684449284688,
        0.23920287055187817,
        -0.9694130863378783,
        1.4743947982788086
      ],
      [
        0.9984033647066041,
        -0.02585988312207732,
        0.05021939652608626,
        -0.5519487857818604
      ],
      [
        -0.013056285303286896,
        -0.97062518675576,
        -0.24024212838181663,
        0.5214403867721558
      ],
      [
        0.0,
        0.0,
        0.0,
        1.0
      ]
    ]
  },
  {
    "frame": 14,
    "camtoworld": [
      [
        0.04776488666257295,
        0.2392318887326278,
        -0.9697868936088647,
        1.4660347700119019
      ],
      [
        0.9987560399148953,
        -0.025351962594601596,
        0.042937754087965796,
        -0.5170953273773193
      ],
      [
        -0.014313921043105637,
        -0.9706314343797144,
        -0.240145227431965,
        0.5195953249931335
      ],
      [
        0.0,
        0.0,
        0.0,
        1.0
      ]
    ]
  },
  {
    "frame": 15,
    "camtoworld": [
      [
        0.0405703804653913,
        0.23925724816249921,
        -0.9701082483056219,
        1.4576748609542847
      ],
      [
        0.9990553508181041,
        -0.024843854525245845,
        0.035653736046082074,
        -0.4822418689727783
      ],
      [
        -0.015570813421548202,
        -0.9706383219789116,
        -0.2400391586290758,
        0.5177502632141113
      ],
      [
        0.0,
        0.0,
        0.0,
        1.0
      ]
    ]
  },
  {
    "frame": 16,
    "camtoworld": [
      [
        0.03337371030588168,
        0.2392789474865309,
        -0.9703771332580738,
        1.449314832687378
      ],
      [
        0.9993012814239617,
        -0.02433558606237371,
        0.02836773158765893,
        -0.4473884105682373
      ],
      [
        -0.016826895282485932,
        -0.9706458491853449,
        -0.23992392764043668,
        0.5159052014350891
      ],
      [
        0.0,
        0.0,
        0.0,
        1.0
      ]
    ]
  },
  {
    "frame": 17,
    "camtoworld": [
      [
        0.02617526070424464,
        0.2392969855453217,
        -0.9705935340996187,
        1.4409549236297607
      ],
      [
        0.9994938185923232,
        -0.023827184362918696,
        0.02108013000605463,
        -0.41253501176834106
      ],
      [
        -0.018082099513096028,
        -0.9706540155968337,
        -0.23979954062287293,
        0.5140601992607117
      ],
      [
        0.0,
        0.0,
        0.0,
        1.0
      ]
    ]
  },
  {
    "frame": 18,
    "camtoworld": [
      [
        0.018975416275756857,
        0.23931136137509246,
        -0.9707574392678956,
        1.432594895362854
      ],
      [
        0.9996329520358712,
        -0.023318676590932425,
        0.013791320679962527,
        -0.37768155336380005
      ],
      [
        -0.01933635904744746,
        -0.970662820777044,
        -0.23966600422241952,
        0.5122151374816895
      ],
      [
        0.0,
        0.0,
        0.0,
        1.0
      ]
    ]
  },
  {
    "frame": 19,
    "camtoworld": [
      [
        0.011774561710221398,
        0.23932207420773882,
        -0.9708688400054034,
        1.4242349863052368
      ],
      [
        0.9997186743206647,
        -0.02281008991613509,
        0.006501693052606117,
        -0.34282809495925903
      ],
      [
        -0.020589606870085264,
        -0.9706722642555123,
        -0.2395233255739657,
        0.5103700757026672
      ],
      [
        0.0,
        0.0,
        0.0,
        1.0
      ]
    ]
  },
  {
    "frame": 20,
    "camtoworld": [
      [
        0.0045730817514128275,
        0.23932912347087099,
        -0.9709277303599685,
        1.41587495803833
      ],
      [
        0.9997509808665377,
        -0.02230145151246185,
        -0.0007883633890691244,
        -0.307974636554718
      ],
      [
        -0.021841776019609904,
        -0.9706823455276716,
        -0.23937151230087367,
        0.508525013923645
      ],
      [
        0.0,
        0.0,
        0.0,
        1.0
      ]
    ]
  },
  {
    "frame": 21,
    "camtoworld": [
      [
        -0.0026286388234794122,
        0.2393325087878448,
        -0.9709341071850615,
        1.407515048980713
      ],
      [
        0.9997298699473414,
        -0.02179278855661193,
        -0.008078459135206384,
        -0.2731212377548218
      ],
      [
        -0.023092799592255853,
        -0.9706930640548759,
        -0.2392105725145712,
        0.5066799521446228
      ],
      [
        0.0,
        0.0,
        0.0,
        1.0
      ]
    ]
  },
  {
    "frame": 22,
    "camtoworld": [
      [
        -0.009830215224409189,
        0.2393322299777812,
        -0.9708879701399665,
        1.3991550207138062
      ],
      [
        0.9996553426910382,
        -0.02128412822659642,
        -0.015368204673847974,
        -0.23826777935028076
      ],
      [
        -0.024342610745465953,
        -0.9707044192644312,
        -0.23904051481411773,
        0.5048348903656006
      ],
      [
        0.0,
        0.0,
        0.0,
        1.0
      ]
    ]
  },
  {
    "frame": 23,
    "camtoworld": [
      [
        -0.017031262669034403,
        0.23932828705557763,
        -0.9707893216897998,
        1.3907949924468994
      ],
      [
        0.9995274030796414,
        -0.02077549770028639,
        -0.02265721051174896,
        -0.20341438055038452
      ],
      [
        -0.025591142701463565,
        -0.9707164105496253,
        -0.23886134828574698,
        0.5029898881912231
      ],
      [
        0.0,
        0.0,
        0.0,
        1.0
      ]
    ]
  },
  {
    "frame": 24,
    "camtoworld": [
      [
        -0.024231396403273847,
        0.2393206802319056,
        -0.970638167105377,
        1.3824350833892822
      ],
      [
        0.9993460579490023,
        -0.020266924153960447,
        -0.029945087195185516,
        -0.1685609221458435
      ],
      [
        -0.02683832875081943,
        -0.9707290372697605,
        -0.23867308250237887,
        0.5011448264122009
      ],
      [
        0.0,
        0.0,
        0.0,
        1.0
      ]
    ]
  },
  {
    "frame": 25,
    "camtoworld": [
      [
        -0.03143023172186796,
        0.2393094099131995,
        -0.9704345144629318,
        1.3740750551223755
      ],
      [
        0.9991113169884444,
        -0.019758434760852123,
        -0.03723144533076633,
        -0.13370740413665771
      ],
      [
        -0.02808410225601632,
        -0.9707422987501872,
        -0.23847572752310917,
        0.4992997646331787
      ],
      [
        0.0,
        0.0,
        0.0,
        1.0
      ]
    ]
  },
  {
    "frame": 26,
    "camtoworld": [
      [
        -0.0386273839889304,
        0.23929447670163606,
        -0.9701783746436847,
        1.3657151460647583
      ],
      [
        0.9988231927402458,
        -0.01925005668969937,
        -0.04451589560623537,
        -0.09885400533676147
      ],
      [
        -0.029328396655010025,
        -0.9707561942823407,
        -0.23826929389267282,
        0.4974547028541565
      ],
      [
        0.0,
        0.0,
        0.0,
        1.0
      ]
    ]
  },
  {
    "frame": 27,
    "camtoworld": [
      [
        -0.045822468658501675,
        0.2392758813951013,
        -0.9698697613332619,
        1.3573551177978516
      ],
      [
        0.9984817005989703,
        -0.018741817103291786,
        -0.051798048811274755,
        -0.06400054693222046
      ],
      [
        -0.03057114546478551,
        -0.9707707231237788,
        -0.23805379264087934,
        0.4956096410751343
      ],
      [
        0.0,
        0.0,
        0.0,
        1.0
      ]
    ]
  },
  {
    "frame": 28,
    "camtoworld": [
      [
        -0.05301510129509429,
        0.23925362498714764,
        -0.9695086910209627,
        1.3489952087402344
      ],
      [
        0.998086858810643,
        -0.01823374315701959,
        -0.05907751585829968,
        -0.02914714813232422
      ],
      [
        -0.031812282284908344,
        -0.9707858844982211,
        -0.23782923528202357,
        0.49376460909843445
      ],
      [
        0.0,
        0.0,
        0.0,
        1.0
      ]
    ]
  },
  {
    "frame": 29,
    "camtoworld": [
      [
        -0.0602048975942335,
        0.23922770866694165,
        -0.9690951829988803,
        1.3406351804733276
      ],
      [
        0.9976386884717767,
        -0.01772586199742318,
        -0.06635390780324724,
        0.005706310272216797
      ],
      [
        -0.03305174080107404,
        -0.9708016775955909,
        -0.2375956338142715,
        0.49191954731941223
      ],
      [
        0.0,
        0.0,
        0.0,
        1.0
      ]
    ]
  },
  {
    "frame": 30,
    "camtoworld": [
      [
        -0.06739147340299109,
        0.23919813381919985,
        -0.9686292593608694,
        1.3322752714157104
      ],
      [
        0.9971372135282442,
        -0.01721820076074229,
        -0.0736268358663586,
        0.04055976867675781
      ],
      [
        -0.03428945478865009,
        -0.9708181015720583,
        -0.23735300071901796,
        0.49007448554039
      ],
      [
        0.0,
        0.0,
        0.0,
        1.0
      ]
    ]
  },
  {
    "frame": 31,
    "camtoworld": [
      [
        -0.07457444474051025,
        0.2391649020241149,
        -0.9681109450013672,
        1.3239152431488037
      ],
      [
        0.996582460773999,
        -0.016710786571465658,
        -0.08089591145295044,
        0.07541310787200928
      ],
      [
        -0.0355253581162141,
        -0.9708351555500854,
        -0.23710134896022053,
        0.4882294535636902
      ],
      [
        0.0,
        0.0,
        0.0,
        1.0
      ]
    ]
  },
  {
    "frame": 32,
    "camtoworld": [
      [
        -0.08175342781852277,
        0.23912801505727183,
        -0.9675402676140622,
        1.3155553340911865
      ],
      [
        0.9959744598496441,
        -0.01620364654088255,
        -0.08816074617417946,
        0.11026668548583984
      ],
      [
        -0.036759384749088686,
        -0.9708528386184735,
        -0.23684069198370694,
        0.48638439178466797
      ],
      [
        0.0,
        0.0,
        0.0,
        1.0
      ]
    ]
  },
  {
    "frame": 33,
    "camtoworld": [
      [
        -0.08892803906185393,
        0.23908747488955184,
        -0.9669172576904148,
        1.3071953058242798
      ],
      [
        0.9953132432408472,
        -0.01569680776563348,
        -0.09542095186779215,
        0.14512014389038086
      ],
      [
        -0.03799146875286774,
        -0.9708711498324107,
        -0.2365710437164557,
        0.48453933000564575
      ],
      [
        0.0,
        0.0,
        0.0,
        1.0
      ]
    ]
  },
  {
    "frame": 34,
    "camtoworld": [
      [
        -0.09609789512891714,
        0.23904328368702776,
        -0.9662419485180277,
        1.298835277557373
      ],
      [
        0.9945988462766056,
        -0.01519029732626348,
        -0.10267614061886549,
        0.17997348308563232
      ],
      [
        -0.03922154429694158,
        -0.9708900882135234,
        -0.23629241856585276,
        0.48269426822662354
      ],
      [
        0.0,
        0.0,
        0.0,
        1.0
      ]
    ]
  },
  {
    "frame": 35,
    "camtoworld": [
      [
        -0.10326261293219688,
        0.2389954438108487,
        -0.965514376178869,
        1.2904753684997559
      ],
      [
        0.9938313071273593,
        -0.014684142285774027,
        -0.10992592478053348,
        0.21482694149017334
      ],
      [
        -0.0404495456580124,
        -0.9709096527499284,
        -0.23600483141892195,
        0.4808492362499237
      ],
      [
        0.0,
        0.0,
        0.0,
        1.0
      ]
    ]
  },
  {
    "frame": 36,
    "camtoworld": [
      [
        -0.1104218096587162,
        0.23894395781711347,
        -0.9647345795473425,
        1.2821154594421387
      ],
      [
        0.9930106668029506,
        -0.014178369688177567,
        -0.11716991699469859,
        0.24968039989471436
      ],
      [
        -0.0416754072236068,
        -0.970929842396287,
        -0.2357082976415291,
        0.4790041744709015
      ],
      [
        0.0,
        0.0,
        0.0,
        1.0
      ]
    ]
  },
  {
    "frame": 37,
    "camtoworld": [
      [
        -0.11757510279049077,
        0.23888882845673381,
        -0.9639026002882112,
        1.273755431175232
      ],
      [
        0.9921369691504331,
        -0.013673006557052614,
        -0.124407730212729,
        0.28453385829925537
      ],
      [
        -0.04289906349558109,
        -0.9709506560738604,
        -0.2354028330775612,
        0.4771591126918793
      ],
      [
        0.0,
        0.0,
        0.0,
        1.0
      ]
    ]
  },
  {
    "frame": 38,
    "camtoworld": [
      [
        -0.12472211012496745,
        0.23883005867528767,
        -0.9630184828543711,
        1.2653954029083252
      ],
      [
        0.9912102608517293,
        -0.013168079894099821,
        -0.13163897771613825,
        0.3193873167037964
      ],
      [
        -0.04412044909362134,
        -0.9709720926705678,
        -0.23508845404807924,
        0.47531408071517944
      ],
      [
        0.0,
        0.0,
        0.0,
        1.0
      ]
    ]
  },
  {
    "frame": 39,
    "camtoworld": [
      [
        -0.13186244979544498,
        0.2387676516128613,
        -0.9620822744844765,
        1.257035493850708
      ],
      [
        0.990230591421135,
        -0.012663616677698691,
        -0.1388632731372481,
        0.3542407751083374
      ],
      [
        -0.045339498758736,
        -0.9709941510410451,
        -0.23476517735044727,
        0.4734690189361572
      ],
      [
        0.0,
        0.0,
        0.0,
        1.0
      ]
    ]
  },
  {
    "frame": 40,
    "camtoworld": [
      [
        -0.13899574029147707,
        0.23870161060388262,
        -0.9610940252004154,
        1.2486754655838013
      ],
      [
        0.9891980132026759,
        -0.01215964386146745,
        -0.14608023047983193,
        0.3890942335128784
      ],
      [
        -0.04655614735674357,
        -0.9710168300067072,
        -0.23443302025743415,
        0.471623957157135
      ],
      [
        0.0,
        0.0,
        0.0,
        1.0
      ]
    ]
  },
  {
    "frame": 41,
    "camtoworld": [
      [
        -0.14612160047925696,
        0.2386319391769426,
        -0.960053787804638,
        1.240315556526184
      ],
      [
        0.9881125813673103,
        -0.011656188372821674,
        -0.15328946413973898,
        0.4239475727081299
      ],
      [
        -0.04777032988175206,
        -0.9710401283558109,
        -0.23409200051629123,
        0.4697788953781128
      ],
      [
        0.0,
        0.0,
        0.0,
        1.0
      ]
    ]
  },
  {
    "frame": 42,
    "camtoworld": [
      [
        -0.15323964962198192,
        0.2385586410546054,
        -0.958961617877333,
        1.2319555282592773
      ],
      [
        0.9869743539099789,
        -0.011153277111535825,
        -0.16049058892549695,
        0.4588010311126709
      ],
      [
        -0.04898198145963256,
        -0.9710640448435176,
        -0.23374213634780314,
        0.46793386340141296
      ],
      [
        0.0,
        0.0,
        0.0,
        1.0
      ]
    ]
  },
  {
    "frame": 43,
    "camtoworld": [
      [
        -0.16034950740019524,
        0.23848172015321156,
        -0.9578175737734614,
        1.2235956192016602
      ],
      [
        0.9857833916465101,
        -0.010650936948306544,
        -0.16768322007889352,
        0.49365460872650146
      ],
      [
        -0.050191037351485224,
        -0.9710885781919631,
        -0.23338344644531536,
        0.46608880162239075
      ],
      [
        0.0,
        0.0,
        0.0,
        1.0
      ]
    ]
  },
  {
    "frame": 44,
    "camtoworld": [
      [
        -0.16745079393210716,
        0.23840118058266746,
        -0.9566217166196354,
        1.2152355909347534
      ],
      [
        0.9845397582103671,
        -0.010149194723316213,
        -0.17486697329553308,
        0.5285079479217529
      ],
      [
        -0.05139743295709853,
        -0.9711137270903234,
        -0.23301594997373454,
        0.4642437696456909
      ],
      [
        0.0,
        0.0,
        0.0,
        1.0
      ]
    ]
  },
  {
    "frame": 45,
    "camtoworld": [
      [
        -0.17454312979389244,
        0.23831702664622567,
        -0.9553741103108534,
        1.2068755626678467
      ],
      [
        0.9832435200492492,
        -0.009648077244799241,
        -0.18204146474537103,
        0.563361406326294
      ],
      [
        -0.052601103818400996,
        -0.9711394901948849,
        -0.23263966656850507,
        0.4623987078666687
      ],
      [
        0.0,
        0.0,
        0.0,
        1.0
      ]
    ]
  },
  {
    "frame": 46,
    "camtoworld": [
      [
        -0.18162613603996228,
        0.23822926284025614,
        -0.9540748215070876,
        1.1985156536102295
      ],
      [
        0.9818947464215427,
        -0.00914761128760988,
        -0.18920631109322156,
        0.5982147455215454
      ],
      [
        -0.053801985622905,
        -0.9711658661291174,
        -0.23225461633456027,
        0.4605536460876465
      ],
      [
        0.0,
        0.0,
        0.0,
        1.0
      ]
    ]
  },
  {
    "frame": 47,
    "camtoworld": [
      [
        -0.1886994342232127,
        0.23813789385400463,
        -0.9527239196297208,
        1.1901557445526123
      ],
      [
        0.980493509392619,
        -0.008647823591790949,
        -0.19636112951923995,
        0.633068323135376
      ],
      [
        -0.05500001420714257,
        -0.9711928534837477,
        -0.2318608198452469,
        0.45870858430862427
      ],
      [
        0.0,
        0.0,
        0.0,
        1.0
      ]
    ]
  },
  {
    "frame": 48,
    "camtoworld": [
      [
        -0.19576264641524366,
        0.23804292456934306,
        -0.951321476857836,
        1.1817957162857056
      ],
      [
        0.9790398838309834,
        -0.008148740861146225,
        -0.20350553773937569,
        0.6679216623306274
      ],
      [
        -0.05619512556009515,
        -0.9712204508168327,
        -0.2314582981412272,
        0.45686355233192444
      ],
      [
        0.0,
        0.0,
        0.0,
        1.0
      ]
    ]
  },
  {
    "frame": 49,
    "camtoworld": [
      [
        -0.202815395226553,
        0.2379443600605078,
        -0.9498675681243637,
        1.1734356880187988
      ],
      [
        0.9775339474042772,
        -0.007650389761812343,
        -0.21063915402579886,
        0.7027751207351685
      ],
      [
        -0.05738725582661164,
        -0.9712486566538396,
        -0.23104707272935376,
        0.4550184905529022
      ],
      [
        0.0,
        0.0,
        0.0,
        1.0
      ]
    ]
  },
  {
    "frame": 50,
    "camtoworld": [
      [
        -0.20985730382669993,
        0.23784220559383012,
        -0.948362271112074,
        1.1650757789611816
      ],
      [
        0.9759757805751261,
        -0.007152796920834953,
        -0.21776159722729582,
        0.737628698348999
      ],
      [
        -0.058576341310821844,
        -0.9712774694877216,
        -0.2306271655815217,
        0.45317342877388
      ],
      [
        0.0,
        0.0,
        0.0,
        1.0
      ]
    ]
  },
  {
    "frame": 51,
    "camtoworld": [
      [
        -0.2168879959644395,
        0.23773646662745268,
        -0.9468056662494282,
        1.1567158699035645
      ],
      [
        0.9743654665968411,
        -0.0066559889247458925,
        -0.22487248678963423,
        0.7724820375442505
      ],
      [
        -0.059762318479539,
        -0.9713068877790006,
        -0.23019859913349258,
        0.4513283967971802
      ],
      [
        0.0,
        0.0,
        0.0,
        1.0
      ]
    ]
  },
  {
    "frame": 52,
    "camtoworld": [
      [
        -0.22390709598782538,
        0.23762714881103947,
        -0.9451978367062819,
        1.1483558416366577
      ],
      [
        0.9727030915089712,
        -0.006159992318142071,
        -0.23197144277589565,
        0.8073354959487915
      ],
      [
        -0.060945123965654435,
        -0.9713369099558489,
        -0.22976139628369796,
        0.44948333501815796
      ],
      [
        0.0,
        0.0,
        0.0,
        1.0
      ]
    ]
  },
  {
    "frame": 53,
    "camtoworld": [
      [
        -0.23091422886428142,
        0.2375142579854741,
        -0.9435388683894399,
        1.139995813369751
      ],
      [
        0.9709887441327061,
        -0.005664833602268049,
        -0.23905808588677668,
        0.842188835144043
      ],
      [
        -0.062124694571523975,
        -0.9713675344141727,
        -0.22931558039201488,
        0.44763827323913574
      ],
      [
        0.0,
        0.0,
        0.0,
        1.0
      ]
    ]
  },
  {
    "frame": 54,
    "camtoworld": [
      [
        -0.23790902020063964,
        0.23739780018254608,
        -0.9418288499380657,
        1.1316359043121338
      ],
      [
        0.9692225160661287,
        -0.005170539233599558,
        -0.24613203748085383,
        0.8770424127578735
      ],
      [
        -0.06330096727234336,
        -0.9713987595176976,
        -0.2288611752785168,
        0.4457932114601135
      ],
      [
        0.0,
        0.0,
        0.0,
        1.0
      ]
    ]
  },
  {
    "frame": 55,
    "camtoworld": [
      [
        -0.24489109626314434,
        0.23727778162462998,
        -0.940067872718949,
        1.123275876045227
      ],
      [
        0.9674045016793248,
        -0.004677135622429801,
        -0.2531929195948158,
        0.9118958711624146
      ],
      [
        -0.06447387921951686,
        -0.9714305835980582,
        -0.22839820522220258,
        0.4439481794834137
      ],
      [
        0.0,
        0.0,
        0.0,
        1.0
      ]
    ]
  },
  {
    "frame": 56,
    "camtoworld": [
      [
        -0.25186008399742077,
        0.23715420872435305,
        -0.9382560308216188,
        1.1149159669876099
      ],
      [
        0.9655347981093363,
        -0.00418464913145844,
        -0.2602403549636572,
        0.946749210357666
      ],
      [
        -0.06564336774401419,
        -0.971463004954884,
        -0.22792669495969878,
        0.4421031177043915
      ],
      [
        0.0,
        0.0,
        0.0,
        1.0
      ]
    ]
  },
  {
    "frame": 57,
    "camtoworld": [
      [
        -0.2588156110484061,
        0.23702708808425105,
        -0.9363934210533202,
        1.1065559387207031
      ],
      [
        0.9636135052549739,
        -0.003693106074383834,
        -0.2672739670408352,
        0.981602668762207
      ],
      [
        -0.0668093703597204,
        -0.9714960218558919,
        -0.22744666968393643,
        0.44025805592536926
      ],
      [
        0.0,
        0.0,
        0.0,
        1.0
      ]
    ]
  },
  {
    "frame": 58,
    "camtoworld": [
      [
        -0.26575730578024803,
        0.2368964264964178,
        -0.9344801429338407,
        1.098196029663086
      ],
      [
        0.9616407257714803,
        -0.0032025327144954707,
        -0.2742933800183915,
        1.016456127166748
      ],
      [
        -0.06797182476677288,
        -0.9715296325369804,
        -0.2269581550428079,
        0.43841302394866943
      ],
      [
        0.0,
        0.0,
        0.0,
        1.0
      ]
    ]
  },
  {
    "frame": 59,
    "camtoworld": [
      [
        -0.27268479729615724,
        0.23676223094213966,
        -0.9325162986901917,
        1.0898360013961792
      ],
      [
        0.9596165650650416,
        -0.0027129552632724624,
        -0.2812982188470281,
        1.051309585571289
      ],
      [
        -0.0691306688548915,
        -0.9715638352023199,
        -0.22646117713779318,
        0.4365679621696472
      ],
      [
        0.0,
        0.0,
        0.0,
        1.0
      ]
    ]
  },
  {
    "frame": 60,
    "camtoworld": [
      [
        -0.272684782743454,
        0.23676222562789917,
        -0.9325162768363953,
        1.0898360013961792
      ],
      [
        0.9596165418624878,
        -0.002712954068556428,
        -0.2812982201576233,
        1.051309585571289
      ],
      [
        -0.06913066655397415,
        -0.9715638160705566,
        -0.22646117210388184,
        0.4365679621696472
      ],
      [
        0.0,
        0.0,
        0.0,
        1.0
      ]
    ]
  },
  {
    "frame": 61,
    "camtoworld": [
      [
        -0.272684782743454,
        0.23676222562789917,
        -0.9325162768363953,
        1.0898360013961792
      ],
      [
        0.9596165418624878,
        -0.002712954068556428,
        -0.2812982201576233,
        1.051309585571289
      ],
      [
        -0.06913066655397415,
        -0.9715638160705566,
        -0.22646117210388184,
        0.4365679621696472
      ],
      [
        0.0,
        0.0,
        0.0,
        1.0
      ]
    ]
  },
  {
    "frame": 62,
    "camtoworld": [
      [
        -0.272684782743454,
        0.23676222562789917,
        -0.9325162768363953,
        1.0898360013961792
      ],
      [
        0.9596165418624878,
        -0.002712954068556428,
        -0.2812982201576233,
        1.051309585571289
      ],
      [
        -0.06913066655397415,
        -0.9715638160705566,
        -0.22646117210388184,
        0.4365679621696472
      ],
      [
        0.0,
        0.0,
        0.0,
        1.0
      ]
    ]
  },
  {
    "frame": 63,
    "camtoworld": [
      [
        -0.272684782743454,
        0.23676222562789917,
        -0.9325162768363953,
        1.0898360013961792
      ],
      [
        0.9596165418624878,
        -0.002712954068556428,
        -0.2812982201576233,
        1.051309585571289
      ],
      [
        -0.06913066655397415,
        -0.9715638160705566,
        -0.22646117210388184,
        0.4365679621696472
      ],
      [
        0.0,
        0.0,
        0.0,
        1.0
      ]
    ]
  },
  {
    "frame": 64,
    "camtoworld": [
      [
        -0.272684782743454,
        0.23676222562789917,
        -0.9325162768363953,
        1.0898360013961792
      ],
      [
        0.9596165418624878,
        -0.002712954068556428,
        -0.2812982201576233,
        1.051309585571289
      ],
      [
        -0.06913066655397415,
        -0.9715638160705566,
        -0.22646117210388184,
        0.4365679621696472
      ],
      [
        0.0,
        0.0,
        0.0,
        1.0
      ]
    ]
  },
  {
    "frame": 65,
    "camtoworld": [
      [
        -0.272684782743454,
        0.23676222562789917,
        -0.9325162768363953,
        1.0898360013961792
      ],
      [
        0.9596165418624878,
        -0.002712954068556428,
        -0.2812982201576233,
        1.051309585571289
      ],
      [
        -0.06913066655397415,
        -0.9715638160705566,
        -0.22646117210388184,
        0.4365679621696472
      ],
      [
        0.0,
        0.0,
        0.0,
        1.0
      ]
    ]
  },
  {
    "frame": 66,
    "camtoworld": [
      [
        -0.272684782743454,
        0.23676222562789917,
        -0.9325162768363953,
        1.0898360013961792
      ],
      [
        0.9596165418624878,
        -0.002712954068556428,
        -0.2812982201576233,
        1.051309585571289
      ],
      [
        -0.06913066655397415,
        -0.9715638160705566,
        -0.22646117210388184,
        0.4365679621696472
      ],
      [
        0.0,
        0.0,
        0.0,
        1.0
      ]
    ]
  },
  {
    "frame": 67,
    "camtoworld": [
      [
        -0.272684782743454,
        0.23676222562789917,
        -0.9325162768363953,
        1.0898360013961792
      ],
      [
        0.9596165418624878,
        -0.002712954068556428,
        -0.2812982201576233,
        1.051309585571289
      ],
      [
        -0.06913066655397415,
        -0.9715638160705566,
        -0.22646117210388184,
        0.4365679621696472
      ],
      [
        0.0,
        0.0,
        0.0,
        1.0
      ]
    ]
  },
  {
    "frame": 68,
    "camtoworld": [
      [
        -0.272684782743454,
        0.23676222562789917,
        -0.9325162768363953,
        1.0898360013961792
      ],
      [
        0.9596165418624878,
        -0.002712954068556428,
        -0.2812982201576233,
        1.051309585571289
      ],
      [
        -0.06913066655397415,
        -0.9715638160705566,
        -0.22646117210388184,
        0.4365679621696472
      ],
      [
        0.0,
        0.0,
        0.0,
        1.0
      ]
    ]
  },
  {
    "frame": 69,
    "camtoworld": [
      [
        -0.272684782743454,
        0.23676222562789917,
        -0.9325162768363953,
        1.0898360013961792
      ],
      [
        0.9596165418624878,
        -0.002712954068556428,
        -0.2812982201576233,
        1.051309585571289
      ],
      [
        -0.06913066655397415,
        -0.9715638160705566,
        -0.22646117210388184,
        0.4365679621696472
      ],
      [
        0.0,
        0.0,
        0.0,
        1.0
      ]
    ]
  },
  {
    "frame": 70,
    "camtoworld": [
      [
        -0.272684782743454,
        0.23676222562789917,
        -0.9325162768363953,
        1.0898360013961792
      ],
      [
        0.9596165418624878,
        -0.002712954068556428,
        -0.2812982201576233,
        1.051309585571289
      ],
      [
        -0.06913066655397415,
        -0.9715638160705566,
        -0.22646117210388184,
        0.4365679621696472
      ],
      [
        0.0,
        0.0,
        0.0,
        1.0
      ]
    ]
  },
  {
    "frame": 71,
    "camtoworld": [
      [
        -0.272684782743454,
        0.23676222562789917,
        -0.9325162768363953,
        1.0898360013961792
      ],
      [
        0.9596165418624878,
        -0.002712954068556428,
        -0.2812982201576233,
        1.051309585571289
      ],
      [
        -0.06913066655397415,
        -0.9715638160705566,
        -0.22646117210388184,
        0.4365679621696472
      ],
      [
        0.0,
        0.0,
        0.0,
        1.0
      ]
    ]
  },
  {
    "frame": 72,
    "camtoworld": [
      [
        -0.272684782743454,
        0.23676222562789917,
        -0.9325162768363953,
        1.0898360013961792
      ],
      [
        0.9596165418624878,
        -0.002712954068556428,
        -0.2812982201576233,
        1.051309585571289
      ],
      [
        -0.06913066655397415,
        -0.9715638160705566,
        -0.22646117210388184,
        0.4365679621696472
      ],
      [
        0.0,
        0.0,
        0.0,
        1.0
      ]
    ]
  },
  {
    "frame": 73,
    "camtoworld": [
      [
        -0.272684782743454,
        0.23676222562789917,
        -0.9325162768363953,
        1.0898360013961792
      ],
      [
        0.9596165418624878,
        -0.002712954068556428,
        -0.2812982201576233,
        1.051309585571289
      ],
      [
        -0.06913066655397415,
        -0.9715638160705566,
        -0.22646117210388184,
        0.4365679621696472
      ],
      [
        0.0,
        0.0,
        0.0,
        1.0
      ]
    ]
  },
  {
    "frame": 74,
    "camtoworld": [
      [
        -0.272684782743454,
        0.23676222562789917,
        -0.9325162768363953,
        1.0898360013961792
      ],
      [
        0.9596165418624878,
        -0.002712954068556428,
        -0.2812982201576233,
        1.051309585571289
      ],
      [
        -0.06913066655397415,
        -0.9715638160705566,
        -0.22646117210388184,
        0.4365679621696472
      ],
      [
        0.0,
        0.0,
        0.0,
        1.0
      ]
    ]
  },
  {
    "frame": 75,
    "camtoworld": [
      [
        -0.272684782743454,
        0.23676222562789917,
        -0.9325162768363953,
        1.0898360013961792
      ],
      [
        0.9596165418624878,
        -0.002712954068556428,
        -0.2812982201576233,
        1.051309585571289
      ],
      [
        -0.06913066655397415,
        -0.9715638160705566,
        -0.22646117210388184,
        0.4365679621696472
      ],
      [
        0.0,
        0.0,
        0.0,
        1.0
      ]
    ]
  },
  {
    "frame": 76,
    "camtoworld": [
      [
        -0.272684782743454,
        0.23676222562789917,
        -0.9325162768363953,
        1.0898360013961792
      ],
      [
        0.9596165418624878,
        -0.002712954068556428,
        -0.2812982201576233,
        1.051309585571289
      ],
      [
        -0.06913066655397415,
        -0.9715638160705566,
        -0.22646117210388184,
        0.4365679621696472
      ],
      [
        0.0,
        0.0,
        0.0,
        1.0
      ]
    ]
  },
  {
    "frame": 77,
    "camtoworld": [
      [
        -0.272684782743454,
        0.23676222562789917,
        -0.9325162768363953,
        1.0898360013961792
      ],
      [
        0.9596165418624878,
        -0.002712954068556428,
        -0.2812982201576233,
        1.051309585571289
      ],
      [
